# XDI/1.0 Demeter/0.9.26
# Demeter.output_filetype: multicolumn normalized mu(E)
# Element.symbol: O
# Element.edge: K
# Column.1: energy eV
# Column.2: 69_ZnO__ref__angle=0_deg__O-edge__Mon_SR_Io.dat
# Column.3: 70_ZnO__ref__angle=45_deg__O-edge__Mon_SR_Io.dat
# Column.4: 71_ZnO__ref__angle=75_deg__O-edge__Mon_SR_Io.dat
#------------------------
#  energy  69_ZnO__ref__angle=0_deg__O-edge__Mon_SR_Io.dat  70_ZnO__ref__angle=45_deg__O-edge__Mon_SR_Io.dat  71_ZnO__ref__angle=75_deg__O-edge__Mon_SR_Io.dat
  510.00060      -0.11394700      -0.11576649      -0.16485621
  511.00030      -0.10355739      -0.98329110E-01  -0.14496667
  512.00020      -0.86001486E-01  -0.79457520E-01  -0.12373969
  512.99980      -0.13442671E-01  -0.93378578E-02  -0.42859915E-01
  513.99980      -0.30454769E-01   0.50435818E-02   0.51165981E-02
  515.00030      -0.38060775E-01  -0.53421381E-01  -0.10216035
  515.99950      -0.44208038E-01  -0.44431788E-01  -0.70971459E-01
  517.00080      -0.77035298E-01  -0.70727397E-01  -0.92954232E-01
  518.00080      -0.81001669E-01  -0.76475259E-01  -0.96562572E-01
  519.00040      -0.39405359E-01  -0.36410715E-01  -0.50672943E-01
  519.99940       0.52879535E-02   0.24616412E-03  -0.19957519E-01
  520.99970      -0.20845342E-02  -0.45733451E-02  -0.15500254E-01
  522.00040      -0.11696074E-01  -0.11777705E-01  -0.15512417E-01
  523.00070       0.84926542E-02   0.10575263E-01   0.10474977E-01
  523.99950       0.50361496E-02   0.86777869E-02   0.11471412E-01
  524.99960       0.53367498E-02   0.13715732E-01   0.22329160E-01
  526.00010       0.36538151E-02  -0.55555309E-03   0.16191866E-02
  526.10050       0.55918584E-02  -0.18292826E-02  -0.27121710E-02
  526.20010       0.83291449E-02  -0.28780233E-02  -0.65098380E-02
  526.29990       0.88584632E-02  -0.31655153E-02  -0.95521257E-02
  526.40020       0.10778291E-01  -0.36913132E-02  -0.11180699E-01
  526.50080       0.11966568E-01  -0.33862417E-02  -0.10972770E-01
  526.60040       0.13648642E-01  -0.13579722E-02  -0.93982559E-02
  526.70010       0.15270065E-01   0.26805681E-02  -0.73088919E-02
  526.79980       0.17552060E-01   0.53010119E-02  -0.70741572E-02
  526.89950       0.17905212E-01   0.64039927E-02  -0.27039360E-02
  527.00000       0.22476269E-01   0.82618432E-02   0.23666822E-03
  527.09980       0.24342397E-01   0.12904102E-01   0.45169830E-02
  527.20030       0.30058921E-01   0.21433343E-01   0.72305992E-02
  527.30010       0.31999248E-01   0.23789854E-01   0.10409151E-01
  527.40080       0.33159380E-01   0.26430225E-01   0.14637120E-01
  527.49960       0.36264562E-01   0.29317053E-01   0.17859494E-01
  527.60030       0.39409561E-01   0.31542057E-01   0.23358829E-01
  527.70000       0.40832864E-01   0.32344320E-01   0.24302220E-01
  527.79990       0.43074899E-01   0.31437565E-01   0.26020526E-01
  527.89970       0.42466549E-01   0.28906110E-01   0.30067779E-01
  528.00050       0.42059411E-01   0.32675505E-01   0.30086001E-01
  528.10030       0.41049467E-01   0.33003446E-01   0.30557475E-01
  528.20010       0.39250752E-01   0.31628902E-01   0.30322519E-01
  528.29990       0.37719438E-01   0.30330199E-01   0.28887542E-01
  528.39980       0.35718930E-01   0.30186962E-01   0.30468859E-01
  528.49970       0.33233843E-01   0.28038586E-01   0.28499597E-01
  528.60040       0.32916998E-01   0.27494823E-01   0.28902783E-01
  528.70040       0.30105226E-01   0.26856972E-01   0.29344510E-01
  528.80040       0.26933039E-01   0.23069586E-01   0.28527424E-01
  528.89940       0.25113433E-01   0.22354328E-01   0.27791874E-01
  529.00020       0.21818251E-01   0.18462719E-01   0.27304215E-01
  529.10020       0.19961356E-01   0.17994061E-01   0.26725832E-01
  529.20010       0.19400759E-01   0.17959885E-01   0.27736025E-01
  529.30020       0.17631243E-01   0.16723313E-01   0.27810043E-01
  529.40010       0.15973998E-01   0.16603811E-01   0.28887071E-01
  529.50000       0.15489501E-01   0.16554233E-01   0.29844681E-01
  529.60030       0.13553413E-01   0.16127798E-01   0.31037910E-01
  529.70020       0.14471450E-01   0.15119638E-01   0.35463743E-01
  529.80030       0.15744420E-01   0.17535574E-01   0.34712669E-01
  529.90030       0.18126190E-01   0.19581868E-01   0.36924603E-01
  530.00040       0.20918644E-01   0.22808720E-01   0.37424427E-01
  530.10050       0.23319545E-01   0.28513059E-01   0.46119582E-01
  530.20060       0.29651125E-01   0.35453182E-01   0.53317957E-01
  530.29970       0.37657046E-01   0.45173436E-01   0.65660887E-01
  530.39990       0.51622854E-01   0.58061560E-01   0.76913979E-01
  530.50090       0.68989164E-01   0.77037633E-01   0.94893059E-01
  530.60010       0.89769631E-01   0.94794292E-01   0.11585462
  530.70030       0.11362303       0.11778813       0.13677876
  530.80040       0.14012564       0.14924533       0.16450961
  530.89970       0.17013786       0.18066443       0.19313985
  531.00000       0.20291540       0.21397031       0.22520628
  531.10010       0.23593595       0.25146313       0.26125813
  531.20030       0.27699423       0.28841080       0.29870887
  531.29970       0.32088593       0.33543403       0.34193085
  531.39990       0.36718756       0.38414036       0.38526422
  531.50010       0.41811376       0.43512741       0.43521178
  531.60040       0.47066135       0.48803217       0.48952146
  531.69990       0.52717770       0.54306166       0.53834347
  531.80020       0.58753950       0.60656544       0.59553511
  531.89950       0.64585546       0.66567962       0.65196453
  531.99990       0.71082435       0.73477863       0.71446606
  532.10030       0.77732672       0.80212808       0.77512352
  532.19970       0.85125201       0.87179857       0.83782246
  532.29990       0.92251359       0.94320617       0.90427197
  532.40040        1.0058975        1.0187547       0.96907113
  532.49980        1.0779850        1.0928924        1.0353647
  532.60010        1.1530948        1.1676242        1.0988396
  532.70070        1.2260568        1.2373349        1.1578846
  532.80020        1.2899132        1.3000949        1.2166621
  532.90060        1.3504430        1.3616875        1.2712119
  533.00020        1.4028976        1.4171860        1.3203236
  533.10060        1.4539466        1.4680844        1.3664394
  533.20010        1.4980970        1.5162104        1.4100416
  533.29980        1.5389093        1.5613105        1.4504978
  533.40030        1.5799832        1.6033743        1.4931334
  533.49980        1.6180698        1.6509126        1.5313170
  533.60030        1.6544822        1.6871662        1.5679822
  533.69990        1.6902356        1.7254718        1.6030979
  533.80050        1.7217805        1.7633594        1.6347957
  533.90010        1.7536770        1.7968017        1.6641229
  534.00070        1.7837211        1.8283648        1.6925804
  534.10040        1.8102621        1.8543357        1.7174705
  534.20010        1.8375891        1.8814189        1.7422247
  534.29980        1.8590402        1.9066824        1.7647364
  534.40030        1.8787814        1.9279455        1.7822081
  534.50010        1.8990124        1.9448887        1.7992217
  534.59990        1.9161932        1.9625979        1.8111561
  534.70050        1.9339694        1.9798759        1.8260766
  534.80040        1.9525755        1.9939342        1.8416112
  534.90000        1.9745426        2.0147008        1.8571631
  534.99990        1.9956678        2.0346217        1.8744015
  535.10060        2.0161847        2.0567826        1.8925233
  535.20030        2.0419003        2.0834792        1.9135786
  535.29930        2.0620815        2.1077997        1.9368472
  535.40010        2.0819450        2.1320456        1.9573976
  535.49990        2.1015020        2.1537368        1.9812792
  535.59970        2.1185426        2.1765574        2.0020047
  535.70060        2.1361385        2.1947162        2.0224439
  535.80040        2.1567915        2.2124654        2.0386485
  535.90030        2.1810638        2.2323137        2.0567430
  536.00030        2.2059190        2.2537139        2.0739195
  536.10020        2.2321500        2.2747708        2.0873114
  536.19990        2.2644311        2.2985336        2.1001333
  536.29990        2.2985211        2.3222361        2.1160252
  536.40000        2.3414713        2.3481115        2.1238078
  536.50080        2.3951899        2.3742522        2.1301855
  536.59990        2.4574517        2.4054544        2.1332217
  536.70080        2.5446011        2.4473598        2.1286952
  536.79990        2.6494003        2.4923281        2.1232961
  536.90080        2.7927554        2.5500721        2.1118626
  537.00000        2.9496479        2.6182533        2.0981220
  537.10000        3.1421373        2.6960820        2.0907912
  537.20000        3.3218987        2.7799677        2.0896714
  537.30020        3.4797253        2.8521358        2.1010204
  537.40030        3.5754783        2.8974901        2.1171029
  537.50040        3.5954587        2.9077652        2.1322908
  537.60050        3.5309846        2.8636268        2.1333025
  537.69960        3.3949089        2.7810197        2.1128740
  537.79970        3.1936494        2.6499892        2.0698893
  537.89990        2.9517316        2.4904061        2.0087496
  538.00010        2.7060177        2.3278583        1.9406798
  538.10010        2.4558267        2.1624268        1.8614798
  538.20040        2.2219909        2.0049671        1.7882377
  538.29960        2.0137738        1.8684899        1.7228897
  538.40070        1.8211308        1.7459205        1.6616795
  538.50000        1.6618243        1.6419534        1.6115727
  538.59940        1.5045325        1.5477176        1.5639692
  538.70060        1.4077387        1.4751770        1.5254847
  538.80070        1.2963255        1.4133218        1.4975763
  538.90020        1.2117315        1.3675522        1.4813841
  539.00040        1.1421161        1.3404006        1.4792407
  539.10060        1.0813346        1.3274724        1.4953815
  539.20010        1.0387690        1.3329031        1.5247056
  539.30050        1.0022433        1.3543259        1.5781810
  539.39970       0.97599903        1.3899565        1.6467615
  539.50010       0.95832834        1.4411737        1.7247289
  539.60050       0.95125089        1.4938095        1.8088151
  539.69990       0.95123121        1.5453475        1.8828022
  539.80030       0.95924674        1.5879886        1.9385993
  539.89970       0.97386951        1.6071698        1.9681368
  540.00020       0.99142643        1.6097720        1.9650019
  540.10050        1.0149528        1.5908256        1.9285486
  540.20000        1.0387343        1.5608639        1.8735229
  540.29960        1.0668502        1.5209938        1.8020718
  540.40090        1.0944302        1.4795206        1.7208837
  540.50050        1.1235910        1.4421587        1.6410291
  540.60090        1.1492332        1.4020748        1.5656328
  540.70060        1.1749702        1.3703867        1.4983240
  540.80000        1.1949005        1.3420788        1.4364370
  540.89970        1.2095051        1.3190429        1.3887374
  541.00020        1.2207349        1.2960202        1.3405614
  541.10070        1.2280497        1.2752956        1.3011792
  541.19950        1.2318864        1.2553004        1.2643175
  541.30010        1.2329067        1.2357323        1.2323151
  541.39960        1.2323948        1.2111945        1.1995136
  541.50030        1.2299210        1.1897346        1.1664830
  541.59990        1.2249985        1.1690999        1.1358982
  541.69960        1.2152399        1.1442620        1.1017682
  541.80030        1.2054855        1.1176765        1.0691408
  541.90000        1.1911823        1.0908588        1.0337204
  542.00050        1.1798458        1.0696522        1.0028537
  542.10030        1.1689648        1.0481718       0.96981040
  542.20010        1.1608382        1.0299440       0.93996001
  542.30070        1.1581423        1.0130400       0.91359755
  542.40050        1.1655587        1.0029816       0.89123547
  542.49930        1.1789637        1.0000086       0.87077239
  542.60000        1.1975859        1.0001381       0.85349667
  542.69990        1.2242326        1.0064914       0.84023418
  542.79960        1.2531877        1.0108600       0.82967837
  542.90040        1.2847768        1.0240086       0.82045338
  542.99930        1.3111877        1.0340268       0.81453690
  543.10020        1.3341905        1.0391460       0.80742052
  543.19990        1.3479303        1.0451853       0.80366645
  543.30080        1.3521948        1.0436302       0.80128049
  543.40070        1.3459496        1.0378240       0.80004739
  543.50050        1.3297705        1.0272038       0.79514729
  543.60040        1.3010513        1.0159533       0.79440409
  543.70040        1.2651818       0.99848355       0.79372149
  543.80030        1.2238937       0.97608628       0.79163462
  543.90030        1.1790733       0.95168287       0.79008537
  544.00030        1.1290848       0.92585640       0.78743140
  544.10040        1.0793054       0.90373106       0.78761436
  544.20020        1.0306639       0.88467941       0.78899989
  544.30020       0.98660058       0.86759734       0.78827871
  544.39930       0.94670424       0.84932921       0.79001977
  544.50020       0.91025378       0.83333655       0.79235229
  544.59940       0.87968531       0.82247671       0.79815147
  544.70030       0.85588932       0.81292242       0.80349322
  544.80030       0.83588825       0.80952821       0.81271508
  544.89950       0.82122192       0.80744178       0.82111834
  545.00060       0.81086288       0.81051924       0.82946810
  545.10060       0.80037161       0.81168204       0.84016409
  545.19990       0.79118875       0.81508144       0.85445165
  545.30000       0.78136336       0.81837511       0.86773830
  545.40010       0.77321700       0.82265272       0.88113167
  545.50030       0.76284280       0.82682998       0.89101978
  545.60040       0.75214436       0.81921318       0.90209099
  545.69960       0.74196049       0.82433563       0.91437281
  545.79980       0.72995431       0.82304782       0.92325437
  545.90010       0.71838544       0.82016361       0.92786275
  546.00010       0.70492700       0.81570058       0.93138545
  546.10040       0.69088266       0.81103872       0.93249707
  546.19970       0.67811580       0.80433733       0.93140113
  546.30080       0.66279812       0.79717319       0.92816621
  546.40010       0.65202815       0.78814151       0.92404497
  546.49950       0.64094571       0.78069700       0.91895954
  546.59970       0.63076202       0.77590351       0.91370645
  546.70020       0.62355071       0.77006861       0.91105501
  546.80040       0.61599121       0.76636329       0.90862550
  546.90060       0.61278036       0.76428654       0.90577156
  547.00010       0.61187714       0.76151510       0.90319369
  547.10040       0.61218451       0.76031666       0.90243737
  547.19970       0.61358078       0.76199965       0.90204654
  547.30010       0.61831409       0.76623169       0.90020506
  547.40050       0.62288597       0.76908052       0.89972392
  547.50090       0.63005731       0.76979718       0.89795624
  547.60030       0.63646326       0.76754962       0.89419593
  547.70080       0.64499317       0.77381420       0.89299460
  547.80020       0.65458124       0.77967540       0.88875931
  547.90070       0.66099929       0.77787099       0.88542669
  548.00020       0.67065332       0.78079319       0.88249839
  548.09970       0.67963011       0.78318688       0.88012175
  548.20010       0.69059422       0.78862870       0.87947716
  548.30070       0.70232627       0.79065509       0.87981105
  548.40030       0.71401685       0.79773573       0.87987392
  548.50070       0.72937574       0.81040689       0.88253802
  548.60040       0.74238612       0.82065856       0.88706558
  548.70080       0.76102362       0.83261473       0.89378745
  548.79950       0.77842229       0.84688412       0.90323704
  548.90000       0.79955407       0.86587337       0.91495137
  549.00060       0.81980159       0.88277624       0.92923500
  549.10030       0.84283096       0.90571737       0.94558837
  549.19990       0.86401496       0.92377028       0.96247440
  549.30050       0.88621477       0.94460211       0.97921401
  549.40010       0.90569618       0.96383996       0.99525588
  549.50080       0.92361002       0.97648476        1.0099206
  549.60050       0.94156234       0.99075451        1.0220314
  549.70010       0.95520571        1.0025786        1.0322204
  549.79980       0.96796285        1.0137297        1.0440906
  549.90060       0.97721990        1.0246393        1.0516060
  550.00040       0.98584852        1.0330931        1.0610772
  550.24970        1.0012746        1.0530504        1.0813170
  550.50010        1.0164116        1.0792584        1.1058508
  550.74980        1.0362784        1.1100189        1.1387401
  551.00020        1.0627110        1.1428218        1.1754757
  551.24990        1.0928282        1.1768301        1.2048395
  551.50070        1.1265965        1.2082586        1.2309885
  551.74970        1.1628143        1.2339899        1.2491772
  552.00050        1.2023403        1.2566718        1.2570743
  552.24950        1.2404499        1.2686429        1.2560164
  552.49960        1.2753406        1.2779438        1.2462896
  552.74980        1.3038714        1.2798058        1.2290801
  552.99990        1.3248165        1.2747219        1.2074570
  553.25020        1.3454964        1.2714935        1.1861082
  553.50060        1.3628414        1.2648672        1.1618111
  553.75010        1.3783386        1.2611094        1.1416557
  554.00060        1.4008637        1.2631168        1.1256922
  554.25020        1.4303664        1.2726010        1.1183709
  554.50000        1.4650454        1.2864736        1.1165074
  554.74990        1.4991611        1.3031373        1.1228955
  554.99970        1.5254371        1.3219293        1.1323462
  555.24970        1.5422288        1.3417390        1.1473074
  555.50060        1.5462082        1.3539977        1.1645617
  555.75060        1.5378821        1.3589816        1.1821097
  556.00080        1.5211509        1.3646735        1.2038189
  556.25010        1.4982300        1.3708817        1.2267779
  556.50040        1.4696963        1.3715874        1.2531888
  556.75080        1.4368378        1.3721862        1.2827825
  557.00030        1.4013223        1.3710218        1.3114208
  557.24990        1.3631983        1.3711728        1.3390107
  557.50060        1.3226540        1.3694418        1.3626862
  557.75030        1.2840098        1.3634566        1.3830627
  558.00090        1.2467853        1.3525777        1.3965409
  558.24990        1.2109877        1.3391425        1.4012787
  558.49980        1.1763979        1.3188346        1.3943506
  558.75070        1.1443823        1.2905962        1.3785509
  558.99990        1.1142461        1.2616784        1.3540210
  559.25000        1.0881986        1.2317224        1.3213260
  559.50030        1.0677687        1.1990018        1.2889523
  559.75050        1.0495160        1.1671251        1.2498412
  560.00000        1.0359610        1.1391638        1.2146784
  560.25030        1.0264714        1.1168939        1.1820532
  560.49990        1.0212396        1.0994864        1.1522092
  560.74960        1.0194422        1.0818966        1.1282338
  561.00030        1.0130580        1.0652579        1.1052620
  561.25100        1.0097828        1.0514051        1.0858042
  561.49980        1.0036222        1.0377910        1.0674646
  561.75080       0.99898356        1.0247275        1.0503477
  561.99960       0.99014575        1.0093199        1.0328447
  562.24980       0.98050921       0.99585493        1.0166028
  562.49990       0.96914493       0.98090014       0.99977036
  562.75010       0.95902122       0.96751067       0.98611130
  563.00050       0.95081111       0.95632383       0.97291812
  563.25070       0.94283304       0.94661098       0.96189653
  563.50030       0.93579585       0.93985682       0.95672454
  563.75060       0.92977981       0.93790349       0.95324782
  564.00030       0.92577056       0.93358030       0.95228064
  564.25090       0.92272942       0.93382797       0.95463064
  564.49980       0.92365218       0.94336628       0.95998614
  564.75040       0.92477748       0.94929162       0.96862240
  565.00050       0.92639908       0.95483521       0.97817356
  565.25040       0.93004303       0.96000501       0.98918649
  565.50040       0.93158822       0.96606253       0.99895751
  565.74950       0.93527444       0.97619206        1.0076891
  565.99960       0.93703957       0.98392464        1.0173597
  566.24990       0.94121881       0.98945236        1.0268057
  566.50030       0.94748996       0.99633978        1.0346169
  566.75060       0.95164546       0.99846146        1.0407370
  567.00100       0.95784852        1.0049365        1.0464364
  567.25060       0.96508658        1.0123967        1.0482695
  567.50020       0.97151373        1.0157061        1.0480416
  567.75090       0.97906078        1.0151629        1.0459964
  568.00060       0.98809062        1.0165829        1.0410281
  568.25050       0.99562462        1.0158702        1.0346423
  568.50050        1.0023380        1.0197943        1.0299490
  568.75040        1.0086666        1.0190377        1.0231982
  569.00050        1.0143545        1.0184241        1.0185354
  569.24960        1.0184592        1.0157116        1.0132715
  569.50080        1.0212194        1.0155120        1.0093310
  569.74990        1.0244542        1.0140502        1.0070633
  570.00040        1.0266654        1.0174366        1.0054869
  570.99940        1.0312903        1.0203141        1.0073607
  571.99970        1.0311873        1.0214826        1.0164797
  573.00020        1.0306974        1.0324500        1.0294572
  574.00070        1.0252656        1.0299062        1.0376966
  575.00030        1.0183191        1.0229030        1.0371772
  576.00020       0.99170053       0.99612869        1.0025168
  577.00000       0.97649682       0.97107893       0.97523143
  578.00000       0.96876279       0.95754239       0.94757556
  579.00000       0.97996230       0.96251107       0.95327008
  580.00050       0.99746588       0.97941879       0.96577304
  580.99980        1.0139522       0.99418133       0.98271175
  582.00040        1.0238656        1.0152131        1.0039125
  583.00090        1.0332396        1.0356495        1.0389997
  583.99950        1.0438471        1.0632423        1.0811562
  585.00030        1.0525653        1.0896007        1.1128103
  586.00010        1.0558420        1.0965862        1.1267131
  587.00000        1.0549960        1.0938108        1.1202830
  588.00100        1.0410644        1.0707367        1.0949356
  589.00000        1.0223092        1.0417880        1.0587137
  590.00030       0.99139908        1.0073919        1.0196137
  591.00040       0.96484980       0.97309657       0.98564644
  592.00060       0.93665050       0.94950577       0.96313162
  593.00090       0.92090233       0.93338829       0.95226096
  594.00030       0.91387985       0.92743355       0.94724848
  594.99950       0.91632620       0.92480327       0.93951972
  595.99990       0.91590118       0.92158694       0.93109603
  597.00040       0.92009568       0.91683328       0.92466483
  598.00000       0.92075587       0.91856066       0.92233937
  599.00050       0.92690469       0.92014262       0.92465785
  599.99980       0.93240298       0.92587414       0.93081420
  600.99950       0.94071198       0.93595690       0.94120405
  602.00000       0.95050309       0.94582668       0.94631480
  602.99950       0.95743612       0.94987297       0.95105572
  604.00000       0.95654811       0.95108021       0.95297069
  605.00070       0.95362407       0.95069555       0.95241303
  606.00020       0.95394123       0.94846351       0.95035596
  606.99990       0.95454692       0.95123909       0.95465488
  608.00040       0.95755652       0.95478776       0.95782786
  608.99990       0.96383692       0.96235430       0.96443151
  609.99930       0.96845484       0.96699729       0.97053101
  610.99990       0.97570722       0.97548106       0.97722964
  612.00040       0.97935662       0.97869015       0.98200202
  612.99970       0.98506241       0.98868415       0.98863795
  614.00120       0.99013162       0.99120078       0.99476371
  614.99940       0.99794080       0.99823507       0.99874414
  616.00080        1.0059950        1.0071885        1.0054022
  616.99990        1.0124338        1.0081202        1.0089186
  618.00010        1.0232037        1.0164100        1.0109346
  619.00050        1.0311304        1.0227216        1.0131813
  619.99930        1.0388375        1.0268631        1.0159442
  621.00050        1.0447471        1.0320127        1.0180616
  621.99930        1.0487385        1.0327986        1.0191075
  623.00040        1.0496326        1.0362252        1.0198796
  623.99990        1.0486233        1.0304606        1.0186493
  625.00090        1.0437190        1.0276126        1.0136568
  625.99930        1.0360102        1.0226409        1.0090892
  627.00100        1.0252545        1.0143649        1.0029831
  628.00050        1.0149337        1.0075994        1.0009505
  628.99970        1.0059774       0.99980392        1.0003213
  629.99990       0.99746199       0.99719877       0.99558709
  631.00020       0.99160638       0.99086603       0.99277622
  631.99910       0.98885354       0.98558414       0.98669008
  633.00040       0.98686236       0.98241705       0.98182367
  634.00000       0.98751737       0.97826464       0.97507349
  635.00090       0.98790603       0.97795737       0.96949703
  636.00050       0.98666300       0.97599537       0.96472191
  637.00000       0.98552469       0.96945451       0.96011419
  637.99920       0.98284167       0.96990089       0.95427795
  639.00060       0.98073410       0.96232025       0.94779701
  639.99970       0.97617458       0.95851839       0.94363606
  640.99960       0.97519821       0.95458507       0.93925487
  642.00050       0.97232249       0.95128323       0.93480102
  643.00000       0.97081895       0.94611657       0.93099933
  643.99970       0.96904159       0.94680572       0.92880464
  645.00000       0.96898146       0.94524662       0.92836362
  646.00060       0.96623623       0.94366163       0.92752515
  647.00060       0.96830426       0.94442995       0.92563984
  648.00050       0.96787587       0.94648104       0.92604751
  649.00030       0.97136684       0.94844343       0.92866657
  649.99960       0.97622805       0.95236114       0.92975706
