energy	ZnO-0deg	ZnO-45deg	ZnO-75deg
510.0006	2.07783202	2.08348867	2.08821327
511.0003	2.09228864	2.10600337	2.10838753
512.0002	2.11502083	2.13022868	2.12989297
512.9998	2.201209822	2.213275444	2.208996404
513.9998	2.184020286	2.232568149	2.2567585179
515.0003	2.177482204	2.16720264	2.152907943
515.9995	2.172551968	2.179923365	2.18407326
517.0008	2.13576411	2.150983113	2.162624159
518.0008	2.13348355	2.14671062	2.159929942
519.0004	2.183943409	2.195166388	2.205079525
519.9994	2.23871037	2.2402255249	2.235747382
520.9997	2.231376455	2.235951643	2.239939332
522.0004	2.221083104	2.228570145	2.239433249
523.0007	2.2455417427	2.2554737447	2.264104287
523.9995	2.2417792314	2.2535822268	2.263807449
524.9996	2.2420866656	2.2595407528	2.272996061
526.0001	2.238694913	2.2410155094	2.24900085347
526.1005	2.2407078524	2.239153152	2.244124175
526.2001	2.2441394028	2.238024857	2.240249258
526.2999	2.244488897	2.237379177	2.236706794
526.4002	2.2462559307	2.236183163	2.23432799
526.5008	2.2477752589	2.23663031	2.23444554
526.6004	2.24929908546	2.238543303	2.235346669
526.7001	2.25094564022	2.2430689819	2.236965951
526.7998	2.2532664325	2.2457677729	2.236587329
526.8995	2.253738531	2.2471327894	2.2408709405
527	2.2585861627	2.248676432	2.2429872318
527.0998	2.260478965	2.2538781048	2.2467708729
527.2003	2.266558718	2.263278828	2.2485064151
527.3001	2.269314107	2.266526682	2.2519573007
527.4008	2.270075833	2.26904001	2.2554047685
527.4996	2.273205938	2.271870913	2.2578602711
527.6003	2.276080457	2.273596468	2.262306919
527.7	2.277480997	2.274230628	2.262760643
527.7999	2.279373349	2.272305613	2.263495627
527.8997	2.278184653	2.268795442	2.266946969
528.0005	2.276982247	2.272589697	2.26606458
528.1003	2.274930964	2.272126858	2.265518743
528.2001	2.272140271	2.269836626	2.264473774
528.2999	2.26922606	2.267181219	2.261763655
528.3998	2.265818687	2.265986556	2.262173654
528.4997	2.261794741	2.262352013	2.2589635657
528.6004	2.2599919072	2.260240448	2.2577483433
528.7004	2.2554744582	2.2583144656	2.2568689918
528.8004	2.25046361469	2.2525508593	2.2546572473
528.8994	2.2470599487	2.25044717828	2.2525059784
529.0002	2.2413060971	2.2439490058	2.250014661355
529.1002	2.237158523	2.2414221197	2.2473033265
529.2001	2.234472475	2.239313761	2.2460911422
529.3002	2.229954235	2.235377083	2.2435458054
529.4001	2.226053467	2.233269228	2.2425004559
529.5	2.222768589	2.230430013	2.2405208315
529.6003	2.218003094	2.227406104	2.239039735
529.7002	2.216197717	2.223216996	2.2403259595
529.8003	2.215005625	2.223301286	2.236614607
529.9003	2.214678958	2.222471839	2.235402043
530.0004	2.214721717	2.222921304	2.232357116
530.1005	2.214641297	2.226660881	2.237851846
530.2006	2.219245396	2.23186217	2.2418482618
530.2997	2.226319601	2.2408462851	2.251465095
530.3999	2.239911833	2.2529930129	2.2594126022
530.5009	2.25782671	2.272629949	2.274352249
530.6001	2.280311024	2.291361034	2.292796321
530.7003	2.307352181	2.31721572	2.312139331
530.8004	2.337599145	2.35312354	2.338312893
530.8997	2.37253457	2.38952869	2.36591924
531	2.41165457	2.42909288	2.39785219
531.1001	2.45176635	2.47432453	2.43444996
531.2003	2.50186397	2.51937288	2.47287932
531.2997	2.55566361	2.57667168	2.51737218
531.3999	2.61340543	2.63707354	2.56302984
531.5001	2.6771881	2.70072875	2.61578643
531.6004	2.74357924	2.76734872	2.67354038
531.6999	2.81439644	2.83616547	2.72546683
531.8002	2.89014125	2.91539838	2.7860524
531.8995	2.96354848	2.98951741	2.84594837
531.9999	3.04471814	3.07533007	2.9117004
532.1003	3.127614	3.15893808	2.97545362
532.1997	3.21906721	3.24494275	3.04087625
532.2999	3.30764	3.3333201	3.11012755
532.4004	3.4089115	3.4248039	3.17654563
532.4998	3.4969956	3.5150129	3.24482959
532.6001	3.587662	3.604852	3.3092533
532.7007	3.6753721	3.6882893	3.3688445
532.8002	3.7516907	3.7629635	3.4277739
532.9006	3.824112	3.8363537	3.4825345
533.0002	3.8867987	3.9024349	3.5318008
533.1006	3.9460287	3.9612003	3.5764215
533.2001	3.9982337	4.0179587	3.6196931
533.2998	4.0462443	4.0709143	3.6596318
533.4003	4.0943435	4.1199923	3.7015672
533.4998	4.1390282	4.17584	3.7391742
533.6003	4.1809957	4.2174226	3.7746117
533.6999	4.2233392	4.2626661	3.8095504
533.8005	4.2603724	4.3071732	3.8408235
533.9001	4.2979082	4.3464203	3.8697684
534.0007	4.3323379	4.3825197	3.8970435
534.1004	4.3632128	4.4125901	3.9213226
534.2001	4.3940877	4.4430256	3.9446025
534.2998	4.4176845	4.4710848	3.9654476
534.4003	4.4398003	4.4949354	3.9817275
534.5001	4.4615507	4.5126185	3.9966776
534.5999	4.4792133	4.5308054	4.0061291
534.7005	4.4973808	4.5482571	4.0184096
534.8004	4.5156776	4.5609578	4.0305268
534.9	4.5373061	4.580974	4.0420217
534.9999	4.5581928	4.6002574	4.0554722
535.1006	4.5784583	4.6223371	4.0699198
535.2003	4.6039079	4.6487532	4.0863701
535.2993	4.6224544	4.6720643	4.1048231
535.4001	4.641242	4.695916	4.1211028
535.4999	4.6581847	4.7152004	4.1394001
535.5997	4.6708077	4.7344853	4.1533515
535.7006	4.6840432	4.7481574	4.1669656
535.8004	4.7004571	4.7608606	4.1759179
535.9003	4.7199891	4.7748427	4.1857031
536.0003	4.7380399	4.7884591	4.1926554
536.1002	4.7591756	4.803173	4.1971791
536.1999	4.786478	4.8200819	4.2002999
536.2999	4.8174778	4.8385459	4.2079191
536.4	4.8573658	4.8580142	4.2062056
536.5008	4.9111857	4.8791249	4.2043231
536.5999	4.9756182	4.9068272	4.1997805
536.7008	5.0692778	4.9471381	4.1879579
536.7999	5.1845272	4.9920308	4.1762492
536.9008	5.3445459	5.0515827	4.1585344
537	5.5214078	5.1244551	4.1396596
537.1	5.7400306	5.2088482	4.1274473
537.2	5.9432571	5.2999528	4.121178
537.3002	6.1224307	5.3789931	4.1284402
537.4003	6.2299363	5.4276763	4.1410026
537.5004	6.2480132	5.4347748	4.1520654
537.6005	6.1683633	5.3794005	4.1497951
537.6996	6.0054751	5.2795856	4.1266967
537.7997	5.7677069	5.1245358	4.082262
537.8999	5.4828133	4.9365642	4.0202105
538.0001	5.1940981	4.7456692	3.9517726
538.1001	4.9006954	4.5518961	3.8728355
538.2004	4.6260071	4.3670253	3.7993977
538.2996	4.381572	4.206851	3.733964
538.4007	4.1552608	4.062762	3.6725224
538.5	3.9678147	3.9402633	3.6219233
538.5994	3.7833334	3.8296522	3.5743204
538.7006	3.6688545	3.743745	3.53521
538.8007	3.5374083	3.6702545	3.5064381
538.9002	3.4384107	3.616703	3.4903364
539.0004	3.3558191	3.5836332	3.4868988
539.1006	3.2843308	3.5679396	3.5021649
539.2001	3.23381794	3.5732833	3.5300669
539.3005	3.19026024	3.5970912	3.5814676
539.3997	3.15960963	3.6384705	3.6487083
539.5001	3.13845395	3.6974034	3.7246114
539.6005	3.12975939	3.7581651	3.8066823
539.6999	3.12970554	3.8182006	3.8794519
539.8003	3.13890045	3.8678046	3.9343552
539.8997	3.15565716	3.8900003	3.963426
540.0002	3.17645017	3.8936933	3.9613208
540.1005	3.20378339	3.8717782	3.9260442
540.2	3.23161341	3.8372451	3.872768
540.2996	3.2642551	3.7908224	3.8030292
540.4009	3.296026	3.7421955	3.7234035
540.5005	3.3303489	3.6990941	3.6457864
540.6009	3.3601486	3.6522986	3.5719993
540.7006	3.3902039	3.6153851	3.5062175
540.8	3.4127298	3.5815829	3.4449373
540.8997	3.4294539	3.5543645	3.3979845
541.0002	3.4422301	3.5271419	3.350534
541.1007	3.450318	3.5024731	3.3115853
541.1995	3.4533496	3.4776362	3.274145
541.3001	3.4536608	3.4538881	3.24203105
541.3996	3.4524959	3.4246569	3.20942183
541.5003	3.4491046	3.3990789	3.17664328
541.5999	3.4415244	3.3731403	3.14503235
541.6996	3.4289723	3.3429939	3.11058708
541.8003	3.4164501	3.3108281	3.07763759
541.9	3.3985035	3.2783012	3.04185809
542.0005	3.3835117	3.251808	3.01007685
542.1003	3.3697582	3.22568408	2.9767903
542.2001	3.3587207	3.20285377	2.94617722
542.3007	3.3541321	3.18164428	2.9190619
542.4005	3.3611107	3.16814335	2.89561814
542.4993	3.3748836	3.16269802	2.87384573
542.6	3.3951862	3.16126798	2.85556673
542.6999	3.4243773	3.16661113	2.84079109
542.7996	3.4572714	3.17057972	2.82951803
542.9004	3.4920751	3.18369124	2.81857384
542.9993	3.5209019	3.19324835	2.81097235
543.1002	3.5467586	3.19803787	2.80302892
543.1999	3.561391	3.20356539	2.79809193
543.3008	3.5637994	3.19920686	2.79360586
543.4007	3.5539932	3.1899878	2.79033497
543.5005	3.5328831	3.17546185	2.78373011
543.6004	3.4974075	3.16049566	2.78145977
543.7004	3.4532885	3.13802649	2.77902216
543.8003	3.4034956	3.11043478	2.77575172
543.9003	3.3491333	3.08009795	2.77264357
544.0003	3.2878609	3.04728345	2.76770436
544.1004	3.22712914	3.01904197	2.76576681
544.2002	3.16869301	2.99529192	2.76583168
544.3002	3.11457612	2.97282174	2.76289357
544.3993	3.06601701	2.9496243	2.7629615
544.5002	3.02102954	2.92861324	2.7631724
544.5994	2.98308481	2.9137272	2.76690843
544.7003	2.95318477	2.90047802	2.77030337
544.8003	2.92708423	2.89374466	2.77687072
544.8995	2.90789941	2.88921099	2.78327519
545.0006	2.89413723	2.89107253	2.79000458
545.1006	2.88025656	2.89074361	2.79905938
545.1999	2.86724284	2.89233179	2.81096667
545.3	2.85413254	2.8944644	2.82253681
545.4001	2.84321318	2.89797813	2.83444107
545.5003	2.82945416	2.90112567	2.84267544
545.6004	2.81581943	2.89109715	2.85257814
545.6996	2.80194115	2.89498167	2.86279513
545.7998	2.78707148	2.89261581	2.87086313
545.9001	2.77223482	2.88789316	2.87426114
546.0001	2.75588377	2.882074	2.87732725
546.1004	2.73854363	2.87570429	2.87772315
546.1997	2.7226893	2.86696025	2.87595548
546.3008	2.70485235	2.85875653	2.87317483
546.4001	2.69159022	2.84758873	2.86873826
546.4995	2.678833	2.83920986	2.8643017
546.5997	2.6668012	2.83357252	2.85936116
546.7002	2.65834813	2.8268356	2.85708774
546.8004	2.64989634	2.82302817	2.85548297
546.9006	2.64613555	2.82068547	2.85302804
547.0001	2.64546402	2.81794844	2.85125949
547.1004	2.64640268	2.81725231	2.85148901
547.1997	2.64906532	2.82040445	2.85255662
547.3001	2.65542713	2.82629709	2.85195153
547.4005	2.66191247	2.83090784	2.85301434
547.5009	2.67123738	2.83277346	2.85255643
547.6003	2.67982579	2.83132539	2.85028781
547.7008	2.69153024	2.84051216	2.8511838
547.8002	2.70357616	2.84824033	2.84808102
547.9007	2.71277781	2.84790935	2.84680815
548.0002	2.72593429	2.85325707	2.84604016
548.0997	2.73872056	2.85842246	2.84624118
548.2001	2.75323123	2.86649406	2.84747082
548.3007	2.76886705	2.87073861	2.84986743
548.4003	2.78523393	2.88176141	2.8527689
548.5007	2.80542512	2.89882038	2.85766891
548.6004	2.82364368	2.91386968	2.86524041
548.7008	2.84840338	2.93074581	2.87479488
548.7995	2.87168844	2.95035712	2.88704212
548.9	2.8996889	2.97583781	2.90178403
549.0006	2.92691847	2.99912088	2.91936123
549.1003	2.95760905	3.02973121	2.93911076
549.1999	2.98607774	3.05448413	2.95936169
549.3005	3.01627075	3.08307611	2.97994421
549.4001	3.04325755	3.10982163	2.99986238
549.5008	3.0684244	3.128712	3.01844107
549.6005	3.09442432	3.15035311	3.03518894
549.7001	3.11400372	3.16778437	3.04876785
549.7998	3.13382939	3.18576465	3.06534889
549.9006	3.14932856	3.20337261	3.07741602
550.0004	3.16409122	3.21803809	3.09149501
550.2497	3.19359149	3.2533786	3.12327326
550.5001	3.22413665	3.2978666	3.16088638
550.7498	3.2604888	3.3480342	3.20717751
551.0002	3.3047412	3.4005782	3.2573151
551.2499	3.3545542	3.4556891	3.3007723
551.5007	3.4088564	3.5075259	3.3407212
551.7497	3.4660836	3.5520245	3.3720021
552.0005	3.5268858	3.5919359	3.3915958
552.2495	3.5865834	3.6188578	3.4020214
552.4996	3.6414583	3.6413793	3.4021355
552.7498	3.6887647	3.6547527	3.394369
552.9999	3.7259443	3.6585999	3.381097
553.2502	3.761185	3.6629951	3.3663226
553.5006	3.7928459	3.6635445	3.3487111
553.7501	3.8219141	3.6673942	3.3351099
554.0006	3.8593786	3.6778251	3.3251728
554.2502	3.9049781	3.6968727	3.3235828
554.5	3.9576398	3.7217787	3.3279989
554.7499	4.0081993	3.7488813	3.3400903
554.9997	4.0494986	3.7796468	3.3562735
555.2497	4.0769609	3.8104112	3.3772963
555.5006	4.0871983	3.8309708	3.400564
555.7506	4.0813138	3.8421431	3.4243361
556.0008	4.0634485	3.8534983	3.4521128
556.2501	4.0373126	3.8655899	3.4813945
556.5004	4.0031436	3.8699856	3.5142137
556.7508	3.9625014	3.873669	3.5501676
557.0003	3.9195633	3.8764207	3.5864596
557.2499	3.8706979	3.8786228	3.6195803
557.5006	3.8187364	3.8786217	3.6486909
557.7503	3.7686353	3.8723996	3.6736701
558.0009	3.7205948	3.8599402	3.6912677
558.2499	3.6734585	3.8430999	3.6981916
558.4998	3.6284168	3.8176468	3.6925948
558.7507	3.5855921	3.7802854	3.6758122
558.9999	3.5464836	3.7432989	3.650452
559.25	3.5116195	3.7035606	3.6145722
559.5003	3.4837459	3.6594513	3.5784316
559.7505	3.4589574	3.6165972	3.5347815
560	3.4406002	3.5790576	3.4956399
560.2503	3.4269314	3.5482906	3.4584977
560.4999	3.4194449	3.5244862	3.4248827
560.7496	3.4154896	3.499218	3.3967541
561.0003	3.4060193	3.4759564	3.3704572
561.251	3.3996371	3.4552592	3.3469979
561.4998	3.3899259	3.4354873	3.3253825
561.7508	3.3815668	3.4157042	3.3044367
561.9996	3.3679487	3.3932064	3.2834882
562.2498	3.352796	3.3728769	3.263535
562.4999	3.3352996	3.3505331	3.24291452
562.7501	3.3190345	3.3298374	3.22546479
563.0005	3.30586	3.3126207	3.20901612
563.2507	3.2930173	3.2974197	3.19506353
563.5003	3.2814499	3.2862317	3.18779792
563.7506	3.2709919	3.2812874	3.18219852
564.0003	3.2637473	3.2735986	3.17994027
564.2509	3.258355	3.2726823	3.18201761
564.4998	3.2572931	3.2833148	3.18646092
564.7504	3.2577185	3.2902757	3.19588403
565.0005	3.2582586	3.2961402	3.20580936
565.2504	3.2618876	3.3018218	3.21773896
565.5004	3.2630457	3.309152	3.22866666
565.7495	3.2661834	3.3210663	3.23744086
565.9996	3.2669009	3.3299413	3.24753394
566.2499	3.2710229	3.3358848	3.2574593
566.5003	3.2777412	3.3433963	3.265214
566.7506	3.2814913	3.3443135	3.2709658
567.001	3.2867252	3.3498102	3.274881
567.2506	3.2940269	3.3573258	3.2749658
567.5002	3.3005882	3.3595309	3.2730411
567.7509	3.3077965	3.3554998	3.2681073
568.0006	3.3171109	3.3542219	3.2598385
568.2505	3.3238313	3.3494625	3.24939893
568.5005	3.3298074	3.3514803	3.24130015
568.7504	3.33547	3.34728	3.23102655
569.0005	3.3389752	3.3419695	3.22192129
569.2496	3.3418672	3.3353818	3.21365503
569.5008	3.3416588	3.3309819	3.20571327
569.7499	3.3422032	3.3249432	3.19979869
570.0004	3.3416872	3.3259399	3.19503213
570.9994	3.3355725	3.3170598	3.18716516
571.9997	3.3235185	3.3064444	3.18830844
573.0002	3.3066457	3.3049886	3.18978498
574.0007	3.2703681	3.2720193	3.17341842
575.0003	3.16941022	3.16871061	3.08506818
576.0002	3.07603656	3.07381204	2.99154017
577	3.03370576	3.01794149	2.94159259
578	3.19480176	3.17479688	3.08048332
579	3.3539597	3.3276237	3.22940607
580.0005	3.4312618	3.404777	3.2973414
580.9998	3.4596288	3.4304465	3.3245386
582.0004	3.4554828	3.4425501	3.3351261
583.0009	3.4244599	3.4269954	3.3375324
583.9995	3.3630942	3.3885341	3.3161407
585.0003	3.3275558	3.3771822	3.3094342
586.0001	3.3980673	3.4561755	3.395745
587	3.4549742	3.5129953	3.4493456
588.001	3.5066866	3.5540525	3.4934053
589	3.4820303	3.5141218	3.4536414
590.0003	3.4221382	3.4488951	3.3938319
591.0004	3.367563	3.3822033	3.3392386
592.0006	3.3120389	3.3340271	3.3014714
593.0009	3.277731	3.2992188	3.2807383
594.0003	3.2587576	3.2820091	3.2693615
594.9995	3.2568457	3.2721307	3.2564018
595.9999	3.2519909	3.2629739	3.24410413
597.0004	3.2550177	3.2518059	3.23489364
598	3.2512479	3.24980618	3.23002936
599.0005	3.2567451	3.24798467	3.2318414
599.9998	3.2618448	3.2535005	3.23950932
600.9995	3.2708974	3.2654394	3.2523492
602	3.2835668	3.2782809	3.2591722
602.9995	3.2899349	3.2799475	3.2638285
604	3.283319	3.2768431	3.2644932
605.0007	3.2731775	3.2709895	3.261628
606.0002	3.2678011	3.2614752	3.2560959
606.9999	3.2630414	3.2603917	3.259583
608.0004	3.2629768	3.2613203	3.262231
608.9999	3.2679425	3.2685004	3.269254
609.9993	3.2710968	3.2718176	3.2765847
610.9999	3.2788217	3.2817276	3.284912
612.0004	3.2799922	3.28229	3.2900657
612.9997	3.2856651	3.2954046	3.2989175
614.0012	3.2899228	3.295494	3.3067408
614.9994	3.2986475	3.3030338	3.3112368
616.0008	3.3076075	3.3136735	3.3193942
616.9999	3.3138545	3.3105768	3.3230627
618.0001	3.3278219	3.3203462	3.324711
619.0005	3.3364143	3.3262257	3.3261907
619.9993	3.3447644	3.3284469	3.3285134
621.0005	3.3507567	3.3332222	3.3306584
621.9993	3.3533779	3.3303345	3.3311975
623.0004	3.3493561	3.3308944	3.3301689
623.9999	3.3422463	3.3155131	3.3264743
625.0009	3.3270945	3.3041572	3.3160901
625.9993	3.3061224	3.288231	3.3055715
627.001	3.2801887	3.2669689	3.2933468
628.0005	3.2541586	3.24755354	3.2864777
628.9997	3.22986319	3.2255729	3.2811138
629.9999	3.2063039	3.21293716	3.2695634
631.0002	3.18661355	3.19260099	3.2600215
631.9991	3.17270592	3.1742953	3.24563655
633.0004	3.15965472	3.15927047	3.23257714
634	3.15056886	3.14150368	3.21568293
635.0009	3.14040945	3.13014777	3.19996643
636.0005	3.12637599	3.11485813	3.1845751
637	3.11147627	3.09003362	3.16834866
637.9992	3.09199875	3.07630244	3.14844813
639.0006	3.07301002	3.04715813	3.12695788
639.9997	3.04840791	3.02389308	3.10798292
640.9996	3.03053793	3.00045571	3.08874668
642.0005	3.01117941	2.98029729	3.0715113
643	2.99615344	2.95849594	3.05712232
643.9997	2.98515977	2.95227979	3.04994797
645	2.98064659	2.94524408	3.04892378
646.0006	2.97501636	2.94224141	3.05140729
647.0006	2.98138575	2.94665917	3.05523038
648.0005	2.98380091	2.95437863	3.06357491
649.0003	2.9929964	2.96118138	3.07475241
649.9996	3.00369877	2.97054644	3.08225578
