#  energy  83_YbZnO__5e14__angle=0_deg__O-edge__Mon_SR_Io.dat  84_YbZnO__5e14__angle=45_deg__O-edge__Mon_SR_Io.dat  85_YbZnO__5e14__angle=75_deg__O-edge__Mon_SR_Io.dat
  510.00060      -0.11020831      -0.97097033E-01  -0.83362892E-01
  511.00030      -0.96250206E-01  -0.83628526E-01  -0.70520387E-01
  512.00020      -0.79234863E-01  -0.67218158E-01  -0.54639824E-01
  512.99980      -0.18237845E-01  -0.33599964E-02   0.73769149E-02
  513.99980      -0.26142665E-01   0.43129731E-02   0.43118965E-01
  515.00030      -0.36811369E-01  -0.47464436E-01  -0.49069774E-01
  515.99950      -0.42753232E-01  -0.40434131E-01  -0.28809018E-01
  517.00080      -0.68918753E-01  -0.62316148E-01  -0.48701784E-01
  518.00080      -0.72382274E-01  -0.67491348E-01  -0.56862085E-01
  519.00040      -0.36091604E-01  -0.35453949E-01  -0.21143605E-01
  519.99940       0.44931237E-02   0.49289042E-03   0.23632562E-02
  520.99970      -0.19498589E-02  -0.40071196E-02   0.83749207E-03
  522.00040      -0.95806716E-02  -0.10823407E-01  -0.11859985E-02
  523.00070       0.70374059E-02   0.13464528E-01   0.16848350E-01
  523.99950       0.50869406E-02   0.18300198E-02   0.17822438E-01
  524.99960       0.58366056E-02   0.12933653E-01   0.24293123E-01
  526.00010       0.11683685E-01  -0.37064437E-02   0.71365558E-02
  526.10050       0.13175028E-01  -0.51662266E-03  -0.11833816E-02
  526.20010       0.12094742E-01  -0.20756596E-02  -0.35227436E-02
  526.29990       0.13556855E-01  -0.26848745E-02  -0.61304472E-02
  526.40020       0.14097850E-01  -0.34365852E-02  -0.56937660E-02
  526.50080       0.16121045E-01  -0.14703830E-02  -0.71166767E-02
  526.60040       0.15189376E-01  -0.22586673E-02  -0.76695912E-02
  526.70010       0.18329185E-01  -0.19063046E-02  -0.78197375E-02
  526.79980       0.20045273E-01  -0.21960707E-02  -0.59334282E-02
  526.89950       0.21339760E-01  -0.93568884E-04  -0.52240335E-02
  527.00000       0.25430467E-01   0.54773093E-02  -0.84341258E-03
  527.09980       0.26188668E-01   0.84122694E-02   0.99641070E-04
  527.20030       0.30776118E-01   0.12424621E-01   0.40659694E-02
  527.30010       0.32640727E-01   0.15134101E-01   0.66661645E-02
  527.40080       0.35684277E-01   0.18982693E-01   0.12058848E-01
  527.49960       0.36671570E-01   0.18487573E-01   0.12222032E-01
  527.60030       0.38559629E-01   0.19390860E-01   0.16160351E-01
  527.70000       0.39536967E-01   0.21562819E-01   0.18452818E-01
  527.79990       0.41076706E-01   0.22371031E-01   0.19612877E-01
  527.89970       0.41358718E-01   0.25115363E-01   0.21695986E-01
  528.00050       0.40128111E-01   0.26017092E-01   0.23164600E-01
  528.10030       0.37474706E-01   0.27032871E-01   0.20238478E-01
  528.20010       0.37059556E-01   0.24842212E-01   0.20750078E-01
  528.29990       0.34738758E-01   0.23349739E-01   0.19624727E-01
  528.39980       0.32609076E-01   0.22439402E-01   0.20968118E-01
  528.49970       0.31896160E-01   0.19674597E-01   0.17888726E-01
  528.60040       0.28732511E-01   0.17263234E-01   0.18509806E-01
  528.70040       0.27996260E-01   0.13456604E-01   0.17620773E-01
  528.80040       0.25779109E-01   0.12155633E-01   0.17488988E-01
  528.89940       0.22816074E-01   0.11340674E-01   0.15642687E-01
  529.00020       0.20609719E-01   0.11714540E-01   0.14143683E-01
  529.10020       0.20129952E-01   0.11451823E-01   0.14574149E-01
  529.20010       0.20682516E-01   0.92003896E-02   0.13535959E-01
  529.30020       0.22853770E-01   0.11455620E-01   0.14629718E-01
  529.40010       0.21781487E-01   0.12328439E-01   0.14887207E-01
  529.50000       0.23208105E-01   0.14419142E-01   0.14905641E-01
  529.60030       0.24792867E-01   0.16545534E-01   0.16696553E-01
  529.70020       0.26139447E-01   0.18721279E-01   0.17800894E-01
  529.80030       0.27969433E-01   0.19203743E-01   0.20639718E-01
  529.90030       0.31756498E-01   0.20679481E-01   0.21845310E-01
  530.00040       0.32039167E-01   0.25311695E-01   0.25456041E-01
  530.10050       0.36402063E-01   0.30094629E-01   0.30473683E-01
  530.20060       0.41927526E-01   0.37083584E-01   0.33134122E-01
  530.29970       0.49575012E-01   0.43630191E-01   0.41003055E-01
  530.39990       0.62426408E-01   0.53943698E-01   0.52093172E-01
  530.50090       0.75144734E-01   0.67616677E-01   0.64818404E-01
  530.60010       0.93364643E-01   0.85020100E-01   0.81246172E-01
  530.70030       0.11427011       0.10666165       0.99382319E-01
  530.80040       0.13615456       0.12794295       0.12145403
  530.89970       0.16183115       0.15410744       0.14499973
  531.00000       0.19114854       0.18135869       0.16816451
  531.10010       0.22179696       0.21104106       0.19718301
  531.20030       0.25724970       0.24664619       0.22506790
  531.29970       0.29747628       0.28438291       0.26130789
  531.39990       0.33768040       0.32620674       0.29613137
  531.50010       0.38182227       0.37196279       0.33739728
  531.60040       0.42929697       0.42019027       0.38210885
  531.69990       0.47616265       0.47157596       0.43068115
  531.80020       0.53410395       0.52687350       0.48687608
  531.89950       0.59453088       0.58677336       0.54212415
  531.99990       0.66194423       0.65508215       0.60840441
  532.10030       0.73444825       0.72538498       0.67869632
  532.19970       0.81584901       0.81000170       0.75143722
  532.29990       0.90049227       0.89700507       0.84090938
  532.40040       0.99393331       0.99384021       0.93165678
  532.49980        1.0913460        1.0881902        1.0258463
  532.60010        1.1828747        1.1802821        1.1209811
  532.70070        1.2665694        1.2530882        1.1987336
  532.80020        1.3357801        1.3260737        1.2686994
  532.90060        1.3893136        1.3781834        1.3201206
  533.00020        1.4281700        1.4235573        1.3579826
  533.10060        1.4587124        1.4516427        1.3837306
  533.20010        1.4769110        1.4708667        1.4003031
  533.29980        1.4898142        1.4842105        1.4095418
  533.40030        1.5005650        1.5003866        1.4205490
  533.49980        1.5149922        1.5169532        1.4293052
  533.60030        1.5298611        1.5360082        1.4437139
  533.69990        1.5484912        1.5602919        1.4560556
  533.80050        1.5678235        1.5868416        1.4765906
  533.90010        1.5916068        1.6121996        1.4974197
  534.00070        1.6160531        1.6407337        1.5238659
  534.10040        1.6416121        1.6653037        1.5499062
  534.20010        1.6666677        1.6933183        1.5776360
  534.29980        1.6904675        1.7207360        1.6072655
  534.40030        1.7123909        1.7438960        1.6304858
  534.50010        1.7363996        1.7652248        1.6569659
  534.59990        1.7572680        1.7861440        1.6787585
  534.70050        1.7765252        1.8042334        1.7000404
  534.80040        1.7977726        1.8260707        1.7138992
  534.90000        1.8192292        1.8451172        1.7316854
  534.99990        1.8426400        1.8654410        1.7525816
  535.10060        1.8671946        1.8892604        1.7714180
  535.20030        1.8920364        1.9145528        1.7950211
  535.29930        1.9150416        1.9394814        1.8181470
  535.40010        1.9384316        1.9667441        1.8454522
  535.49990        1.9608677        1.9930019        1.8723113
  535.59970        1.9828462        2.0167801        1.9003658
  535.70060        2.0044145        2.0444199        1.9240648
  535.80040        2.0231094        2.0646811        1.9462616
  535.90030        2.0457696        2.0878992        1.9698654
  536.00030        2.0704941        2.1108537        1.9922075
  536.10020        2.0975106        2.1340802        2.0113037
  536.19990        2.1291379        2.1581555        2.0316403
  536.29990        2.1631831        2.1843151        2.0499863
  536.40000        2.2051256        2.2121830        2.0664545
  536.50080        2.2560848        2.2389650        2.0804833
  536.59990        2.3136409        2.2726834        2.0899780
  536.70080        2.3933494        2.3113561        2.0952131
  536.79990        2.4901602        2.3604058        2.0966463
  536.90080        2.6140633        2.4180114        2.0940415
  537.00000        2.7474221        2.4802605        2.0917713
  537.10000        2.8986822        2.5508072        2.0909250
  537.20000        3.0425520        2.6219717        2.0941245
  537.30020        3.1588282        2.6810794        2.1058464
  537.40030        3.2265107        2.7217686        2.1194131
  537.50040        3.2325197        2.7259524        2.1334231
  537.60050        3.1664424        2.6874317        2.1296237
  537.69960        3.0385855        2.6072243        2.1136480
  537.79970        2.8675388        2.4926385        2.0726547
  537.89990        2.6629773        2.3552608        2.0140821
  538.00010        2.4589943        2.2061278        1.9474227
  538.10010        2.2447400        2.0587467        1.8760181
  538.20040        2.0490738        1.9278715        1.8038553
  538.29960        1.8931605        1.8136407        1.7450842
  538.40070        1.7396440        1.7088327        1.6861726
  538.50000        1.6130918        1.6258839        1.6371693
  538.59940        1.4961465        1.5472753        1.5956893
  538.70060        1.4052373        1.4874103        1.5623879
  538.80070        1.3262612        1.4384597        1.5400650
  538.90020        1.2612706        1.4021702        1.5269070
  539.00040        1.2055397        1.3825213        1.5269052
  539.10060        1.1592545        1.3763189        1.5440265
  539.20010        1.1258315        1.3814658        1.5774312
  539.30050        1.0975004        1.4015160        1.6272973
  539.39970        1.0774935        1.4295552        1.6890002
  539.50010        1.0633546        1.4689861        1.7647361
  539.60050        1.0586267        1.5143234        1.8397331
  539.69990        1.0576184        1.5570350        1.9071372
  539.80030        1.0632571        1.5900943        1.9600824
  539.89970        1.0732642        1.6075227        1.9858365
  540.00020        1.0868736        1.6100492        1.9838177
  540.10050        1.1061619        1.5982620        1.9577610
  540.20000        1.1255400        1.5732707        1.9086956
  540.29960        1.1476604        1.5415923        1.8400811
  540.40090        1.1691581        1.5033968        1.7714573
  540.50050        1.1912183        1.4699855        1.6979737
  540.60090        1.2101460        1.4347817        1.6259392
  540.70060        1.2294786        1.4082283        1.5622551
  540.80000        1.2434182        1.3829229        1.5058727
  540.89970        1.2528903        1.3585784        1.4564124
  541.00020        1.2597977        1.3389078        1.4096812
  541.10070        1.2637725        1.3152735        1.3704159
  541.19950        1.2660585        1.2972963        1.3355650
  541.30010        1.2649289        1.2778082        1.3017423
  541.39960        1.2612844        1.2600985        1.2703082
  541.50030        1.2577027        1.2423250        1.2377370
  541.59990        1.2528806        1.2242023        1.2057150
  541.69960        1.2429678        1.2011791        1.1782318
  541.80030        1.2341298        1.1792963        1.1444588
  541.90000        1.2235336        1.1560842        1.1116728
  542.00050        1.2137964        1.1372735        1.0818875
  542.10030        1.2042231        1.1151223        1.0541275
  542.20010        1.1984661        1.0940127        1.0284643
  542.30070        1.1993371        1.0803934        1.0063022
  542.40050        1.2036860        1.0726607       0.98405730
  542.49930        1.2167839        1.0740292       0.96578036
  542.60000        1.2363427        1.0746639       0.95195058
  542.69990        1.2580777        1.0821528       0.93840731
  542.79960        1.2809714        1.0889744       0.92732723
  542.90040        1.3043826        1.0973843       0.92054806
  542.99930        1.3235640        1.1064863       0.91152794
  543.10020        1.3405178        1.1076598       0.90538146
  543.19990        1.3491201        1.1078537       0.90205794
  543.30080        1.3458125        1.1050949       0.89698301
  543.40070        1.3377568        1.0989504       0.89341725
  543.50050        1.3201964        1.0900034       0.89120298
  543.60040        1.2938542        1.0708820       0.88638915
  543.70040        1.2624843        1.0529260       0.88163273
  543.80030        1.2215741        1.0305541       0.87666213
  543.90030        1.1819667        1.0069984       0.87548132
  544.00030        1.1376740       0.98613545       0.87236622
  544.10040        1.0937796       0.96386958       0.86940634
  544.20020        1.0538260       0.94511554       0.86594043
  544.30020        1.0132175       0.92339694       0.86273823
  544.39930       0.97978006       0.90646410       0.86160894
  544.50020       0.94714547       0.89267165       0.86236632
  544.59940       0.92220809       0.88010949       0.86403425
  544.70030       0.90110715       0.87113042       0.86561830
  544.80030       0.88395662       0.86554358       0.87055185
  544.89950       0.87041640       0.86186839       0.87553869
  545.00060       0.85757089       0.86165232       0.88048554
  545.10060       0.84826096       0.85731632       0.88720219
  545.19990       0.84027370       0.85925663       0.89799158
  545.30000       0.83208844       0.85960904       0.90742404
  545.40010       0.82231170       0.86286277       0.91481825
  545.50030       0.81486424       0.86452532       0.92282289
  545.60040       0.80418777       0.86362901       0.93209822
  545.69960       0.79309177       0.86276513       0.94119473
  545.79980       0.78168686       0.85866206       0.94292235
  545.90010       0.77058186       0.85560083       0.94969042
  546.00010       0.75746493       0.84738709       0.94923128
  546.10040       0.74581093       0.84583141       0.94765428
  546.19970       0.73522122       0.84044739       0.94626485
  546.30080       0.72120851       0.83232172       0.93926805
  546.40010       0.71044964       0.82511781       0.93572603
  546.49950       0.69784330       0.81744471       0.93145114
  546.59970       0.68994237       0.80918885       0.92590527
  546.70020       0.68379158       0.80180259       0.92239347
  546.80040       0.67832079       0.79743257       0.91734753
  546.90060       0.67518971       0.79442841       0.91292618
  547.00010       0.67308321       0.79357303       0.91166730
  547.10040       0.67172264       0.79233402       0.91017022
  547.19970       0.67135449       0.79207717       0.90803449
  547.30010       0.67604022       0.79203851       0.90739765
  547.40050       0.67874040       0.79106783       0.90464153
  547.50090       0.68190742       0.79129089       0.90321497
  547.60030       0.68609931       0.79175726       0.90127490
  547.70080       0.69171879       0.79106529       0.89545848
  547.80020       0.69855458       0.79441801       0.89353054
  547.90070       0.70732226       0.79575814       0.89082771
  548.00020       0.71480646       0.79962549       0.88855382
  548.09970       0.72438271       0.80098543       0.88266464
  548.20010       0.73242813       0.80718174       0.88296621
  548.30070       0.74134295       0.81223085       0.88179277
  548.40030       0.75113431       0.81612997       0.88147861
  548.50070       0.76166905       0.82405602       0.88317255
  548.60040       0.77265517       0.83238240       0.88529415
  548.70080       0.78897533       0.84260359       0.89291071
  548.79950       0.80504002       0.85513701       0.89933893
  548.90000       0.82101884       0.86992654       0.90885030
  549.00060       0.83650541       0.88417270       0.91884891
  549.10030       0.85408982       0.89757849       0.93087331
  549.19990       0.87118265       0.91056521       0.94242093
  549.30050       0.88811763       0.92577221       0.95577816
  549.40010       0.90539058       0.94207659       0.97015364
  549.50080       0.92158495       0.95531207       0.97993682
  549.60050       0.93469777       0.96629799       0.99058225
  549.70010       0.94452188       0.97919317       0.99964474
  549.79980       0.95298306       0.98923601        1.0072825
  549.90060       0.96050902       0.99485752        1.0132791
  550.00040       0.96459680        1.0021529        1.0225451
  550.24970       0.97750183        1.0198562        1.0401128
  550.50010       0.99114561        1.0383004        1.0604601
  550.74980        1.0100834        1.0623479        1.0901724
  551.00020        1.0327168        1.0919024        1.1186993
  551.24990        1.0606770        1.1200682        1.1461755
  551.50070        1.0901940        1.1465214        1.1681567
  551.74970        1.1203772        1.1720092        1.1834237
  552.00050        1.1561050        1.1928823        1.1935576
  552.24950        1.1877940        1.2055601        1.1944148
  552.49960        1.2174693        1.2120728        1.1893046
  552.74980        1.2403295        1.2171127        1.1759881
  552.99990        1.2589788        1.2146693        1.1600666
  553.25020        1.2770987        1.2182444        1.1441189
  553.50060        1.2927600        1.2123847        1.1224493
  553.75010        1.3086589        1.2089464        1.1068869
  554.00060        1.3297541        1.2128507        1.0953453
  554.25020        1.3552013        1.2245854        1.0910595
  554.50000        1.3842216        1.2387989        1.0915504
  554.74990        1.4119616        1.2543197        1.0959994
  554.99970        1.4297818        1.2674268        1.1062122
  555.24970        1.4428606        1.2845403        1.1191256
  555.50060        1.4442212        1.2944696        1.1317442
  555.75060        1.4366213        1.2947781        1.1453397
  556.00080        1.4209208        1.2974229        1.1611613
  556.25010        1.3999169        1.2984962        1.1813410
  556.50040        1.3769565        1.3000785        1.2013231
  556.75080        1.3498170        1.2988438        1.2239021
  557.00030        1.3187174        1.3007979        1.2479435
  557.24990        1.2872393        1.2980293        1.2696674
  557.50060        1.2560932        1.2941865        1.2904491
  557.75030        1.2252692        1.2890691        1.3091036
  558.00090        1.1920019        1.2806675        1.3197641
  558.24990        1.1652827        1.2692628        1.3258673
  558.49980        1.1366912        1.2533174        1.3204628
  558.75070        1.1122310        1.2344600        1.3116998
  558.99990        1.0875483        1.2078568        1.2910626
  559.25000        1.0693247        1.1831128        1.2676315
  559.50030        1.0520814        1.1569967        1.2416836
  559.75050        1.0379182        1.1347877        1.2111091
  560.00000        1.0273406        1.1123893        1.1804247
  560.25030        1.0222718        1.0943620        1.1557668
  560.49990        1.0158726        1.0788797        1.1312450
  560.74960        1.0120324        1.0681765        1.1106884
  561.00030        1.0092367        1.0553755        1.0926245
  561.25100        1.0084339        1.0470310        1.0771069
  561.49980        1.0040057        1.0363845        1.0603229
  561.75080       0.99587924        1.0219590        1.0460142
  561.99960       0.98684564        1.0093583        1.0304019
  562.24980       0.97932097       0.99660650        1.0162347
  562.49990       0.97110497       0.98262722        1.0014580
  562.75010       0.96233060       0.97239911       0.98784704
  563.00050       0.95533990       0.96296356       0.97506157
  563.25070       0.94870266       0.95535052       0.96595881
  563.50030       0.93956443       0.94541623       0.95931195
  563.75060       0.93380114       0.93801017       0.95583924
  564.00030       0.92915283       0.93958552       0.95442504
  564.25090       0.92827292       0.94173547       0.95500770
  564.49980       0.92958170       0.94557942       0.95929443
  564.75040       0.92963303       0.94564482       0.96597803
  565.00050       0.92988933       0.94778150       0.97268065
  565.25040       0.93249869       0.95352269       0.98240724
  565.50040       0.93412433       0.96158529       0.98779387
  565.74950       0.93591730       0.96543351       0.99690967
  565.99960       0.93699979       0.97092107        1.0020049
  566.24990       0.93935000       0.97237607        1.0093101
  566.50030       0.94102268       0.97567944        1.0156462
  566.75060       0.94620586       0.98335021        1.0194355
  567.00100       0.95071088       0.99058020        1.0239175
  567.25060       0.95565135       0.99335421        1.0238989
  567.50020       0.96320338       0.99616690        1.0226607
  567.75090       0.96918745       0.99651610        1.0198962
  568.00060       0.97368056       0.99784707        1.0167890
  568.25050       0.98057532        1.0005765        1.0132174
  568.50050       0.98607744       0.99987569        1.0088654
  568.75040       0.98995528       0.99456294        1.0025121
  569.00050       0.99466172       0.99324828       0.99857014
  569.24960       0.99753713       0.99353589       0.99288907
  569.50080        1.0013238       0.99454110       0.98974863
  569.74990        1.0020320       0.99284408       0.98820905
  570.00040        1.0030533       0.99499095       0.98576475
  570.99940        1.0073089       0.99729229       0.98607345
  571.99970        1.0050999       0.99843498       0.99136002
  573.00020        1.0053720        1.0048283        1.0003007
  574.00070       0.99917484        1.0020283        1.0067222
  575.00030       0.99489943        1.0022707        1.0079080
  576.00020       0.98266556       0.98413801       0.98439342
  577.00000       0.97412578       0.97152356       0.96424421
  578.00000       0.98178474       0.97233562       0.95309714
  579.00000       0.98179855       0.97223072       0.95257195
  580.00050       0.99197144       0.97270863       0.95853477
  580.99980       0.99906031       0.98421040       0.97080896
  582.00040        1.0082861       0.99606107       0.98731481
  583.00090        1.0149803        1.0131235        1.0163966
  583.99950        1.0238032        1.0381020        1.0491553
  585.00030        1.0361952        1.0609406        1.0762206
  586.00010        1.0428869        1.0715825        1.0877818
  587.00000        1.0373753        1.0644997        1.0815654
  588.00100        1.0240148        1.0439451        1.0593251
  589.00000        1.0026669        1.0149537        1.0295284
  590.00030       0.97810407       0.98572341       0.99814136
  591.00040       0.95396493       0.95969914       0.97015564
  592.00060       0.93204560       0.93990842       0.95191461
  593.00090       0.92336310       0.92941094       0.94272772
  594.00030       0.91495873       0.92264376       0.93869385
  594.99950       0.91837391       0.92613415       0.93383818
  595.99990       0.92006425       0.91826144       0.92781783
  597.00040       0.92297197       0.92655284       0.92398780
  598.00000       0.92506273       0.91976055       0.92362558
  599.00050       0.92919241       0.92713059       0.92428770
  599.99980       0.93655604       0.93168424       0.93073898
  600.99950       0.94429150       0.94196787       0.93852144
  602.00000       0.95223532       0.94463594       0.94535519
  602.99950       0.95903915       0.95215928       0.94977355
  604.00000       0.95860257       0.95213493       0.95082268
  605.00070       0.95657843       0.95426666       0.95297811
  606.00020       0.95716665       0.95070304       0.95211074
  606.99990       0.95795122       0.95721913       0.95430441
  608.00040       0.96238551       0.95891197       0.95639039
  608.99990       0.96859282       0.96715276       0.96318996
  609.99930       0.97308385       0.97055045       0.96904781
  610.99990       0.97705788       0.97821645       0.97656299
  612.00040       0.98242837       0.97998603       0.98264223
  612.99970       0.98691072       0.98890394       0.98864512
  614.00120       0.99339925       0.99307592       0.99277954
  614.99940       0.99958674        1.0000537        1.0000317
  616.00080        1.0064886        1.0012281        1.0050948
  616.99990        1.0128243        1.0122718        1.0084365
  618.00010        1.0215764        1.0126962        1.0100459
  619.00050        1.0296150        1.0229540        1.0117624
  619.99930        1.0366982        1.0248202        1.0160239
  621.00050        1.0436048        1.0300038        1.0178692
  621.99930        1.0438445        1.0324837        1.0201018
  623.00040        1.0477288        1.0338548        1.0208234
  623.99990        1.0463979        1.0332312        1.0197084
  625.00090        1.0437996        1.0286741        1.0175140
  625.99930        1.0374060        1.0243298        1.0138141
  627.00100        1.0282184        1.0181298        1.0120765
  628.00050        1.0190955        1.0147976        1.0107099
  628.99970        1.0131103        1.0106072        1.0103262
  629.99990        1.0078437        1.0072979        1.0069017
  631.00020        1.0045273        1.0057759        1.0031393
  631.99910        1.0019845       0.99885479       0.99999357
  633.00040        1.0015932       0.99636878       0.99578887
  634.00000        1.0010298       0.99993914       0.99343027
  635.00090        1.0054008       0.99430561       0.98973944
  636.00050        1.0025416       0.99561492       0.98625645
  637.00000        1.0022786       0.99146225       0.98119453
  637.99920       0.99975600       0.98955667       0.97847448
  639.00060       0.99646770       0.98367869       0.97406983
  639.99970       0.99571246       0.98368874       0.97124540
  640.99960       0.99366964       0.97848349       0.96666786
  642.00050       0.99166698       0.97728125       0.96431202
  643.00000       0.99152461       0.97531736       0.96242172
  643.99970       0.98946780       0.97480052       0.96060424
  645.00000       0.99025184       0.97317496       0.96099878
  646.00060       0.98971101       0.97173307       0.96059005
  647.00060       0.99154648       0.97494810       0.95995045
  648.00050       0.99373590       0.97294163       0.96047156
  649.00030       0.99568182       0.97776309       0.96199110
  649.99960       0.99961413       0.98188033       0.96456849
